548467
548468
548469
548460
548471
548472
548473
548474
548475
548476
548477
548478
548479
548470
548481
548482
548483
548484
548485
548486
548487
548488
548489
548480
548491
548492
548493
548494
548495
548496
548497
548498
548499
548490
548401
548402
548403
548404
548405
548406
548407
548408
548409
548400
548511
548512
548513
548514
548515
548516
548517
548518
548519
548510
548521
548522
548523
548524
548525
548526
548527
548528
548529
548520
548531
548532
548533
548534
548535
548536
548537
548538
548539
548530
548541
548542
548543
548544
548545
548546
548547
548548
548549
548540
548551
548552
548553
548554
548555
548556
548557
548558
548559
548550
548561
548562
548563
548564
548565
548566
548567
548568
548569
548560
548571
548572
548573
548574
548575
548576
548577
548578
548579
548570
548581
548582
548583
548584
548585
548586
548587
548588
548589
548580
548591
548592
548593
548594
548595
548596
548597
548598
548599
548590
548501
548502
548503
548504
548505
548506
548507
548508
548509
548500
548611
548612
548613
548614
548615
548616
548617
548618
548619
548610
548621
548622
548623
548624
548625
548626
548627
548628
548629
548620
548631
548632
548633
548634
548635
548636
548637
548638
548639
548630
548641
548642
548643
548644
548645
548646
548647
548648
548649
548640
548651
548652
548653
548654
548655
548656
548657
548658
548659
548650
548661
548662
548663
548664
548665
548666
548667
548668
548669
548660
548671
548672
548673
548674
548675
548676
548677
548678
548679
548670
548681
548682
548683
548684
548685
548686
548687
548688
548689
548680
548691
548692
548693
548694
548695
548696
548697
548698
548699
548690
548601
548602
548603
548604
548605
548606
548607
548608
548609
548600
548711
548712
548713
548714
548715
548716
548717
548718
548719
548710
548721
548722
548723
548724
548725
548726
548727
548728
548729
548720
548731
548732
548733
548734
548735
548736
548737
548738
548739
548730
548741
548742
548743
548744
548745
548746
548747
548748
548749
548740
548751
548752
548753
548754
548755
548756
548757
548758
548759
548750
548761
548762
548763
548764
548765
548766
548767
548768
548769
548760
548771
548772
548773
548774
548775
548776
548777
548778
548779
548770
548781
548782
548783
548784
548785
548786
548787
548788
548789
548780
548791
548792
548793
548794
548795
548796
548797
548798
548799