360102199503078450
360102199503078493
36010219950307445X
360102199503070715
360102199503076818
360102199503071494
360102199503071734
360102199503076658
360102199503077036
360102199503073131
360102199503075778
360102199503079699
360102199503070811
360102199503071574
360102199503076877
360102199503075778
360102199503078995
360102199503076076
360102199503078151
360102199503075858
36010219950307939X
360102199503078514
360102199503072091
360102199503075196
360102199503079656
360102199503070934
360102199503075110
360102199503075452
360102199503076279
360102199503075356
360102199503070934
360102199503074732
360102199503073852
360102199503075372
360102199503075436
360102199503070678
360102199503076834
360102199503077175
360102199503077298
360102199503073879
36010219950307031X
360102199503073078
36010219950307357X
360102199503071099
360102199503074636
360102199503070459
360102199503076877
360102199503073633
360102199503076519
360102199503075030